
--------------
Dataset: synthetic_graph_1
Time: 2025-12-13T16:33:01.933182
--------------
-- Communities --
SBM entropy: 18728.65002709
SBM summary: 
l: 0, N: 3197, B: 6
l: 1, N: 6, B: 1
l: 2, N: 1, B: 1
-- Centralities --
Summary:
            degree  betweenness    closeness   eigenvector     pagerank
count  3197.000000  3197.000000  3197.000000  3.197000e+03  3197.000000
mean      0.305091     0.009445     0.122021  1.221583e-03     0.000313
std       0.286251     0.024923     0.015576  1.764648e-02     0.000165
min       0.043304     0.000000     0.077951  5.621613e-24     0.000077
1%        0.052349     0.000000     0.087810  1.457147e-18     0.000099
5%        0.060387     0.000000     0.093412  6.565533e-16     0.000116
25%       0.099446     0.000000     0.112636  2.175921e-12     0.000152
50%       0.247824     0.001251     0.122568  2.741350e-10     0.000333
75%       0.413537     0.003750     0.132217  2.900377e-08     0.000460
95%       0.883582     0.062614     0.147411  2.860932e-05     0.000555
99%       1.392132     0.123611     0.155630  5.726408e-03     0.000642
max       1.927663     0.217199     0.167624  4.542526e-01     0.000872

Unique (rounded to 8dp):
Top 10 by degree
node_id
1854    1.927663
1820    1.852635
1629    1.812625
1546    1.759049
2003    1.757860
2522    1.711967
1869    1.681621
2381    1.624528
1671    1.609532
1816    1.584149
Top 10 by betweenness
node_id
2522    0.217199
2475    0.202426
2763    0.189265
2646    0.180385
2444    0.175216
2633    0.173153
2879    0.167928
2778    0.165830
2760    0.165435
2446    0.164309
Top 10 by closeness
node_id
2475    0.167624
2446    0.166209
2423    0.164311
2463    0.163904
2633    0.163629
2333    0.162552
2317    0.161738
2487    0.161654
2448    0.160823
2467    0.160293
Top 10 by eigenvector
node_id
1854    0.454253
1876    0.416665
1820    0.382560
1869    0.327959
1642    0.280702
1792    0.263523
1940    0.204640
1704    0.181754
1835    0.177100
1884    0.162871
Top 10 by pagerank
node_id
1629    0.000872
2522    0.000829
2003    0.000797
2381    0.000775
2600    0.000749
1546    0.000741
1854    0.000738
1945    0.000721
2422    0.000718
1816    0.000705
Pearson correlation:
               degree  betweenness  closeness  eigenvector  pagerank
degree       1.000000     0.597727   0.159693     0.251366  0.804665
betweenness  0.597727     1.000000   0.337971     0.037819  0.441239
closeness    0.159693     0.337971   1.000000     0.019734  0.104711
eigenvector  0.251366     0.037819   0.019734     1.000000  0.073102
pagerank     0.804665     0.441239   0.104711     0.073102  1.000000
Spearman correlation:
               degree  betweenness  closeness  eigenvector  pagerank
degree       1.000000     0.879804   0.107296     0.427973  0.889559
betweenness  0.879804     1.000000   0.208913     0.409654  0.849008
closeness    0.107296     0.208913   1.000000     0.565039  0.059120
eigenvector  0.427973     0.409654   0.565039     1.000000  0.233541
pagerank     0.889559     0.849008   0.059120     0.233541  1.000000
-- Edge Statistics --
Distribution: gennorm
Args: (np.float64(0.4925990830137311),) | Loc: 0.1127262285967651 | Scale: 0.009529140465979153
SSE: 109.98948302860661
-- Clustering --
Global clustering coefficient: 0.0072
Network Density (D): 0.000636
Original graph global clustering: 0.007228915662650603
Random graph global clustering: 0.0008903398130286393
Clustering ratio (original / random): 8.12
